---
build/images/plant.jpg: 2019-11-13 12:56:31.213525332 +09:00
build/images/items.jpg: 2019-11-13 12:56:31.259313677 +09:00
build/images/tile.jpg: 2019-11-13 12:56:31.418991266 +09:00
build/images/note.jpg: 2019-11-13 12:56:31.342139062 +09:00
build/images/room.jpg: 2019-11-13 12:56:31.735296581 +09:00
build/images/favicon.png: 2019-11-13 12:56:30.846752535 +09:00
build/images/chair.jpg: 2019-11-13 12:56:31.213466560 +09:00
build/images/chiyo.gif: 2019-11-13 12:56:30.862464913 +09:00
build/images/profile.jpg: 2019-11-13 12:56:31.198568286 +09:00
