---
build/images/plant.jpg: 2019-11-13 12:56:31.213525332 +09:00
build/images/video/vimeo0.jpg: 2020-09-22 21:52:47.475190349 +09:00
build/images/video/vimeo1.jpg: 2020-09-22 21:52:47.882222625 +09:00
build/images/video/vimeo3.jpg: 2020-09-22 21:52:47.483729565 +09:00
build/images/video/vimeo2.jpg: 2020-09-22 21:52:47.221549915 +09:00
build/images/video/youtube3.jpg: 2020-09-22 21:52:47.353605186 +09:00
build/images/video/youtube2.jpg: 2020-09-22 21:52:47.203122262 +09:00
build/images/video/youtube0.jpg: 2020-09-22 21:52:47.366006365 +09:00
build/images/video/vimeo5.jpg: 2020-09-22 21:52:47.616645946 +09:00
build/images/video/vimeo4.jpg: 2020-09-22 21:52:47.476195391 +09:00
build/images/video/youtube1.jpg: 2020-09-22 21:52:47.716934059 +09:00
build/images/items.jpg: 2019-11-13 12:56:31.259313677 +09:00
build/images/tile.jpg: 2019-11-13 12:56:31.418991266 +09:00
build/images/note.jpg: 2019-11-13 12:56:31.342139062 +09:00
build/images/vimeo.jpg: 2020-09-22 21:52:47.741277167 +09:00
build/images/swiper.jpg: 2020-09-22 21:52:48.316243412 +09:00
build/images/google_map.jpg: 2020-09-22 21:52:48.216041060 +09:00
build/images/room.jpg: 2019-11-13 12:56:31.735296581 +09:00
build/images/magnific_popup.jpg: 2020-09-22 21:52:48.283301978 +09:00
build/images/googlemap.jpg: 2020-09-01 19:41:48.333308719 +09:00
build/images/favicon.png: 2019-11-13 12:56:30.846752535 +09:00
build/images/map/map6.jpg: 2020-09-22 21:52:48.981952459 +09:00
build/images/map/map5.jpg: 2020-09-22 21:52:48.277342117 +09:00
build/images/map/map4.jpg: 2020-09-22 21:52:48.522064676 +09:00
build/images/map/map1.jpg: 2020-09-22 21:52:49.738024599 +09:00
build/images/map/map3.jpg: 2020-09-22 21:52:48.163311451 +09:00
build/images/map/map2.jpg: 2020-09-22 21:52:48.222296523 +09:00
build/images/chair.jpg: 2019-11-13 12:56:31.213466560 +09:00
build/images/chiyo.gif: 2019-11-13 12:56:30.862464913 +09:00
build/images/profile.jpg: 2019-11-13 12:56:31.198568286 +09:00
build/images/fall_foliage.jpg: 2020-09-01 19:41:48.490601262 +09:00
build/images/youtube.jpg: 2020-09-22 21:52:49.011203390 +09:00
build/images/photo/tsuru.jpg: 2020-09-22 21:52:49.028970409 +09:00
build/images/photo/zou_s.jpg: 2020-09-22 21:52:49.153008653 +09:00
build/images/photo/araiguma_s.jpg: 2020-09-22 21:52:49.341104227 +09:00
build/images/photo/saru.jpg: 2020-09-22 21:52:49.387676695 +09:00
build/images/photo/zou.jpg: 2020-09-22 21:52:49.352253517 +09:00
build/images/photo/araiguma.jpg: 2020-09-22 21:52:50.343445462 +09:00
build/images/photo/tsuru_s.jpg: 2020-09-22 21:52:50.223060213 +09:00
build/images/photo/tora.jpg: 2020-09-22 21:52:50.295711546 +09:00
build/images/photo/hakucho.jpg: 2020-09-22 21:52:50.302606288 +09:00
build/images/photo/hakucho_s.jpg: 2020-09-22 21:52:50.265403192 +09:00
build/images/photo/swiper0.jpg: 2020-09-22 21:52:50.271469091 +09:00
build/images/photo/kuma.jpg: 2020-09-22 21:52:50.363874908 +09:00
build/images/photo/saru_s.jpg: 2020-09-22 21:52:50.395814393 +09:00
build/images/photo/swiper1.jpg: 2020-09-22 21:52:50.726025004 +09:00
build/images/photo/popup2.jpg: 2020-09-22 21:52:50.485342100 +09:00
build/images/photo/popup0.jpg: 2020-09-22 21:52:50.208565847 +09:00
build/images/photo/kuma_s.jpg: 2020-09-22 21:52:50.393146715 +09:00
build/images/photo/popup1.jpg: 2020-09-22 21:52:50.828081851 +09:00
build/images/photo/tora_s.jpg: 2020-09-22 21:52:50.646836826 +09:00
